{
  "learning_rate": 0.019727005942368127,
  "n_estimators": 292,
  "max_depth": 9,
  "min_samples_split": 59,
  "min_samples_leaf": 5,
  "subsample": 0.6397209651627773,
  "dropout_rate": 0.0052470812793457885,
  "validation_fraction": 0.15
}