{
  "learning_rate": 0.005367482145108753,
  "n_estimators": 1349,
  "max_depth": 16,
  "min_samples_split": 20,
  "min_samples_leaf": 10,
  "subsample": 0.12362829729624583,
  "dropout_rate": 0.16618230675017592,
  "validation_fraction": 0.15
}